{
 "cells": [
  {
   "cell_type": "markdown",
   "metadata": {},
   "source": [
    "### Initialisations"
   ]
  },
  {
   "cell_type": "code",
   "execution_count": 9,
   "metadata": {
    "collapsed": false
   },
   "outputs": [
    {
     "name": "stdout",
     "output_type": "stream",
     "text": [
      "We have loaded 100 documents and 4893 words in total!\n"
     ]
    }
   ],
   "source": [
    "from gensim.corpora.dictionary import Dictionary\n",
    "import os\n",
    "import numpy as np\n",
    "\n",
    "# select which documents to parse\n",
    "FolderToParse = \"BoW_100random/\" #\"BoW_all/\" #\n",
    "Subset = 100 #10769 #\n",
    "N_Topics = 10\n",
    "\n",
    "DocList = []\n",
    "for document in os.listdir( FolderToParse ):\n",
    "    # load documents\n",
    "    FileToLoad = FolderToParse + document\n",
    "    f = open(FileToLoad,'rb')\n",
    "    words = f.read().decode('ascii', 'ignore')\n",
    "    f.close()\n",
    "    words = words.split() # tokenize\n",
    "    DocList.append(words)\n",
    "    \n",
    "DocList = DocList[:Subset]\n",
    "# Load the names of species\n",
    "with open('list_of_species.txt', encoding='utf-8', errors='ignore') as f:\n",
    "    Names = f.readlines()\n",
    "Names = [x.strip() for x in Names]\n",
    "\n",
    "# Create dictionary [ID to word]\n",
    "common_dictionary = Dictionary(DocList)\n",
    "# Create text to words mappings & count\n",
    "common_corpus = [common_dictionary.doc2bow(text) for text in DocList]\n",
    "print(\"We have loaded {0} documents and {1} words in total!\".format(len(DocList), len(common_dictionary)))"
   ]
  },
  {
   "cell_type": "markdown",
   "metadata": {},
   "source": [
    "### Other utilities"
   ]
  },
  {
   "cell_type": "code",
   "execution_count": 10,
   "metadata": {
    "collapsed": true
   },
   "outputs": [],
   "source": [
    "#Distances = np.load('100New_Doc_Distances.npy')\n",
    "#Distances = np.load('10769_Doc_Distances.npy')\n",
    "#TF_IDF = np.load('10769_Doc_TFIDF.npy')\n",
    "TF_IDF = np.load('TFIDF_100Docs.npy')\n",
    "def ComputeDistances(D, C1, C2):\n",
    "    \"\"\"\n",
    "        Function that, given two sets of indices C1, C2 and a matrix D with  \n",
    "        distances calculated for every pair, it computes the average distance.\n",
    "    \"\"\"\n",
    "    S=0\n",
    "    for i in range(len(C1)):\n",
    "        for j in range(len(C2)):\n",
    "            S += D[ C1[i], C2[j] ]\n",
    "    return S/(len(C1)*len(C2))\n",
    "     \n",
    "def EvalClustering(D, Clustering):\n",
    "    \"\"\"\n",
    "        Function that, given a set clusters and a matrix D with distances calculated \n",
    "        for every pair of points, evaluates the accuracy of the partition.\n",
    "        Intra : the average distance for points within one cluster\n",
    "        Inter : the average distance between points from different clusters.\n",
    "    \"\"\"\n",
    "    N_K = len(Clustering)\n",
    "    ClusterDist = np.zeros( (N_K,N_K) )\n",
    "    for c1 in range(N_K):\n",
    "        if len(Clustering[c1])>0:\n",
    "            for c2 in range(c1,N_K):\n",
    "                #first we compute the intra-cluster distance\n",
    "                if len(Clustering[c2])>0:\n",
    "                    ClusterDist[c1,c2] = ComputeDistances(D, list(Clustering[c1]), list(Clustering[c2]))\n",
    "    # evaluate\n",
    "    intra = np.mean(np.diag(ClusterDist))\n",
    "    print('Mean Within-Cluster distance = {0:.3f}.'.format(intra))\n",
    "    inter = np.sum(np.triu(ClusterDist,1))*2/(N_K-1)/N_K\n",
    "    print('Mean Inter-Cluster distance = {0:.3f}.'.format(inter))\n",
    "    return intra, inter, ClusterDist"
   ]
  },
  {
   "cell_type": "markdown",
   "metadata": {},
   "source": [
    "### 1. LDA by gensim"
   ]
  },
  {
   "cell_type": "code",
   "execution_count": 11,
   "metadata": {
    "collapsed": false,
    "scrolled": true
   },
   "outputs": [
    {
     "name": "stdout",
     "output_type": "stream",
     "text": [
      "LDA is complete!\n",
      "Mean Within-Cluster distance = 3.271.\n",
      "Mean Inter-Cluster distance = 3.811.\n"
     ]
    }
   ],
   "source": [
    "from gensim.models import LdaModel\n",
    "# Train the model on the corpus.\n",
    "lda = LdaModel(common_corpus, num_topics=N_Topics,alpha='asymmetric', random_state=1)\n",
    "# Now produce probabilities based on the Corpus\n",
    "LDAvectors = []\n",
    "for i in range(len(DocList)):\n",
    "    # first we translate using the dictionary that we have already\n",
    "    temp = [ common_dictionary.doc2bow(text.split()) for text in DocList[i] ]\n",
    "    vector = lda[temp[0]]\n",
    "    LDAvectors.append( vector )\n",
    "print('LDA is complete!')\n",
    "\n",
    "# Clustering #\n",
    "ClustersLDA = { i:[] for i in range(N_Topics)}# initialize the dictictionary of clusters\n",
    "ClustersNames = { i:[] for i in range(N_Topics)} \n",
    "Labels = []\n",
    "for i in range(len(DocList)):\n",
    "    distr = [ x[1] for x in LDAvectors[i]]\n",
    "    # find the argmax{distr} - ATTENTION: ties ???\n",
    "    label = distr.index(max(distr))\n",
    "    ClustersLDA[label].append(i)\n",
    "    ClustersNames[label].append(Names[i])\n",
    "    Labels.append( label )\n",
    "    \n",
    "# Evaluate\n",
    "t = EvalClustering(Distances, ClustersLDA)"
   ]
  },
  {
   "cell_type": "markdown",
   "metadata": {},
   "source": [
    "### 2. LDA by Scikit-learn"
   ]
  },
  {
   "cell_type": "code",
   "execution_count": 13,
   "metadata": {
    "collapsed": false
   },
   "outputs": [
    {
     "name": "stdout",
     "output_type": "stream",
     "text": [
      "n_samples: 100, n_features: 4746\n"
     ]
    },
    {
     "name": "stderr",
     "output_type": "stream",
     "text": [
      "C:\\Program Files\\Anaconda 3\\lib\\site-packages\\sklearn\\decomposition\\online_lda.py:294: DeprecationWarning: n_topics has been renamed to n_components in version 0.19 and will be removed in 0.21\n",
      "  DeprecationWarning)\n",
      "C:\\Program Files\\Anaconda 3\\lib\\site-packages\\sklearn\\decomposition\\online_lda.py:532: DeprecationWarning: The default value for 'learning_method' will be changed from 'online' to 'batch' in the release 0.20. This warning was introduced in 0.18.\n",
      "  DeprecationWarning)\n"
     ]
    },
    {
     "name": "stdout",
     "output_type": "stream",
     "text": [
      "Clustering sparse data with LatentDirichletAllocation(batch_size=128, doc_topic_prior=None,\n",
      "             evaluate_every=-1, learning_decay=0.7, learning_method=None,\n",
      "             learning_offset=10.0, max_doc_update_iter=100, max_iter=100,\n",
      "             mean_change_tol=0.001, n_components=10, n_jobs=1, n_topics=10,\n",
      "             perp_tol=0.1, random_state=20, topic_word_prior=None,\n",
      "             total_samples=1000000.0, verbose=0)\n",
      "Mean Within-Cluster distance = 6.037.\n",
      "Mean Inter-Cluster distance = 7.015.\n"
     ]
    }
   ],
   "source": [
    "from sklearn.feature_extraction.text import TfidfVectorizer\n",
    "from sklearn.decomposition import LatentDirichletAllocation\n",
    "\n",
    "#vectorizer = TfidfVectorizer(max_df=0.3, max_features=60000, min_df=1, stop_words='english', use_idf=True)\n",
    "#X = vectorizer.fit_transform(RawTexts)\n",
    "print(\"n_samples: %d, n_features: %d\" % X.shape)\n",
    "LDA_SKL = LatentDirichletAllocation(n_topics = N_Topics, max_iter=100, random_state=20)\n",
    "LDA_SKL.fit(TF_IDF)\n",
    "print(\"Clustering sparse data with %s\" % LDA_SKL)\n",
    "# get doc-topic distributions\n",
    "LDA_SKLvectors = LDA_SKL.transform(TF_IDF)\n",
    "\n",
    "# Clustering - Black and white approach, as before\n",
    "ClustersSKL = { i:[] for i in range(N_Topics)}\n",
    "LabelsSKL = []\n",
    "for i in range(len(DocList)):\n",
    "    distr = list(LDA_SKLvectors[i])\n",
    "    # find the argmax{distr} - ATTENTION: ties ???\n",
    "    label = distr.index(max(distr))\n",
    "    ClustersSKL[label].append(i)\n",
    "    LabelsSKL.append( label )\n",
    "    \n",
    "# Evaluate\n",
    "t = EvalClustering(Distances, ClustersSKL)"
   ]
  },
  {
   "cell_type": "markdown",
   "metadata": {},
   "source": [
    "### 3. K-Means with SVD"
   ]
  },
  {
   "cell_type": "code",
   "execution_count": null,
   "metadata": {
    "collapsed": true
   },
   "outputs": [],
   "source": [
    "from sklearn.cluster import KMeans\n",
    "from sklearn.pipeline import make_pipeline\n",
    "from sklearn.preprocessing import Normalizer\n",
    "from sklearn.decomposition import TruncatedSVD\n",
    "# Dimensionality reduction\n",
    "svd = TruncatedSVD(1000)\n",
    "normalizer = Normalizer(copy=False)\n",
    "lsa = make_pipeline(svd, normalizer)\n",
    "# we use the same X as before\n",
    "vectorizer = TfidfVectorizer(max_df=0.3, max_features=60000, min_df=1, stop_words='english', use_idf=True)\n",
    "X = vectorizer.fit_transform(RawTexts)\n",
    "X = lsa.fit_transform(X)\n",
    "print(\"n_samples: %d, n_features: %d\" % X.shape)\n",
    "km = KMeans(n_clusters=N_Topics, init='k-means++', max_iter=100, n_init=1, random_state=10)\n",
    "print(\"Clustering sparse data with %s\" % km)\n",
    "km.fit(X)\n",
    "\n",
    "# create the clusters\n",
    "ClustersKM = { i:[] for i in range(N_Topics)}\n",
    "LabelsKM = list(km.labels_)\n",
    "for i in range(len(DocList)):\n",
    "    ClustersKM[LabelsKM[i]].append(i)\n",
    "    \n",
    "# Evaluate\n",
    "t = EvalClustering(Distances, ClustersKM)"
   ]
  },
  {
   "cell_type": "markdown",
   "metadata": {},
   "source": [
    "### 4. Our LDA Implementation"
   ]
  },
  {
   "cell_type": "code",
   "execution_count": 3,
   "metadata": {
    "collapsed": false
   },
   "outputs": [
    {
     "name": "stdout",
     "output_type": "stream",
     "text": [
      "Starting the big loop...\n",
      "More than 0.5 % is completed! Rate = 15.583176136016846\n",
      "More than 5.5 % is completed! Rate = 8.467772375453603\n",
      "More than 10.5 % is completed! Rate = 8.127799102238246\n",
      "More than 15.5 % is completed! Rate = 7.995456357156077\n",
      "More than 20.5 % is completed! Rate = 7.928807020187378\n",
      "More than 25.5 % is completed! Rate = 7.885160441492118\n",
      "More than 30.5 % is completed! Rate = 7.858097189762553\n",
      "More than 35.5 % is completed! Rate = 7.840304519089175\n",
      "More than 40.5 % is completed! Rate = 7.810828244244611\n",
      "More than 45.5 % is completed! Rate = 7.789841837935395\n",
      "More than 50.5 % is completed! Rate = 7.773011214662306\n",
      "More than 55.5 % is completed! Rate = 7.759479709573694\n",
      "More than 60.5 % is completed! Rate = 7.74611644705465\n",
      "More than 65.5 % is completed! Rate = 7.735399602933694\n",
      "More than 70.5 % is completed! Rate = 7.7316522175538624\n",
      "More than 75.5 % is completed! Rate = 7.724011069102003\n",
      "More than 80.5 % is completed! Rate = 7.721369192466973\n",
      "More than 85.5 % is completed! Rate = 7.716168329729672\n",
      "More than 90.5 % is completed! Rate = 7.709582892570706\n",
      "More than 95.5 % is completed! Rate = 7.703841913432975\n",
      "LDA is complete! Total time = 1532.2202050685883\n"
     ]
    }
   ],
   "source": [
    "# Implement LDA\n",
    "# Number matrix (Replacing words in documents with word IDs)\n",
    "from time import time\n",
    "N_K = 10 # set the number of topics\n",
    "N_D = len(DocList)\n",
    "corpus=np.unique(np.concatenate(DocList),axis=0)\n",
    "N_W = corpus.shape[0] # words in the vocabulary\n",
    "\n",
    "# SELECT #iterations\n",
    "T=200\n",
    "\n",
    "X_number = np.copy(DocList)\n",
    "for doc_number in range(X_number.shape[0]):\n",
    "    for doc_length in range(len(X_number[doc_number])):\n",
    "        X_number[doc_number][doc_length]=  np.where(corpus==X_number[doc_number][doc_length])[0][0]\n",
    "        \n",
    "# Dirichlet priors\n",
    "alpha = 1 # Choice of alpha affects document clustering \n",
    "gamma = 1\n",
    "\n",
    "#Z = np.copy(X_number)\n",
    "#for doc_number in range(Z.shape[0]):\n",
    "#    for doc_length in range(len(Z[doc_number])):\n",
    "#        Z[doc_number][doc_length]= np.random.randint(N_K)\n",
    "        \n",
    "Z = []#[np.array(N_D, dtype=object)]\n",
    "for doc in range(N_D):\n",
    "    Z.append( np.random.randint(N_K, size=len(DocList[doc])) )\n",
    "        \n",
    "# Pi := document topic distribution\n",
    "Pi = np.zeros([N_D, N_K])\n",
    "for i in range(N_D):\n",
    "    Pi[i] = np.random.dirichlet(alpha*np.ones(N_K))\n",
    "\n",
    "A = Pi\n",
    "#print(A)\n",
    "\n",
    "# B := word topic distribution\n",
    "B = np.zeros([N_K, N_W])\n",
    "for k in range(N_K):\n",
    "    B[k] = np.random.dirichlet(gamma*np.ones(N_W))\n",
    "t0 = time()    \n",
    "print(\"Starting the big loop...\")    \n",
    "for iterations in range(T):  #Need at least 1000 iterations for Gibbs sampling to work!\n",
    "\n",
    "    # Updating Z matrix\n",
    "    for doc_number in range(N_D):     \n",
    "        for doc_length in range(len(Z[doc_number])):     \n",
    "            # Calculate params for Z\n",
    "            p_iv = np.exp(np.log(Pi[doc_number]) + np.log( B[:, X_number[doc_number][ doc_length]] ))\n",
    "            p_iv /= np.sum(p_iv)\n",
    "\n",
    "             # Resample word topic assignment Z\n",
    "            Z[doc_number][doc_length] = np.random.multinomial(1, p_iv).argmax()\n",
    "    # Updating Pi   \n",
    "    for i in range(N_D):\n",
    "        # Gather sufficient statistics\n",
    "        ###m = np.zeros(N_K)\n",
    "        ###for k in range(N_K):\n",
    "        ###    m[k] = np.sum(Z[i] == k)\n",
    "        \n",
    "        m = np.array( [np.sum(Z[i] == k) for k in range(N_K)] )\n",
    "        # Resample doc topic dist.\n",
    "        Pi[i, :] = np.random.dirichlet(alpha + m)\n",
    "        \n",
    "    #Updating B\n",
    "    for k in range(N_K):\n",
    "        #print(k)\n",
    "        n = np.zeros(N_W) \n",
    "    \n",
    "        #Gather statistics       \n",
    "        for v in range(N_W):\n",
    "            for doc_number in range(N_D):\n",
    "                n[v] = len([ x for x in np.where(X_number[doc_number] == v) if Z[doc_number][x] ==k ])\n",
    "                ###for doc_length in range(len(Z[doc_number])):\n",
    "                ###    n[v] += (X_number[doc_number][ doc_length]==v) and (Z[doc_number][doc_length] ==k)\n",
    "        \n",
    "        # Resample word topic distribution\n",
    "        B[k,:] = np.random.dirichlet(gamma+n)\n",
    "    #progress check\n",
    "    if (iterations-1)%10==0:\n",
    "        print(\"More than {0} % is completed! Rate = {1}\".format(100*iterations/T, (time()-t0)/iterations))\n",
    "print('LDA is complete! Total time = {0}'.format(time()-t0))"
   ]
  },
  {
   "cell_type": "code",
   "execution_count": 11,
   "metadata": {
    "collapsed": false
   },
   "outputs": [
    {
     "data": {
      "text/plain": [
       "array([[  1.25163001e-01,   7.45902832e-03,   2.18166674e-01,\n",
       "          9.39012946e-02,   2.03020445e-01,   3.30213475e-02,\n",
       "          9.74024380e-02,   1.10195251e-01,   4.21572959e-02,\n",
       "          6.95132240e-02],\n",
       "       [  1.25730488e-01,   8.62988484e-02,   1.07052894e-01,\n",
       "          4.43372664e-02,   5.75517753e-02,   2.32861093e-01,\n",
       "          1.49164860e-02,   1.10148593e-01,   4.95088245e-02,\n",
       "          1.71593732e-01],\n",
       "       [  6.55129902e-02,   3.31137958e-02,   1.55299114e-01,\n",
       "          3.82462844e-03,   1.40547186e-01,   1.42811152e-01,\n",
       "          1.93331860e-01,   2.09379986e-01,   1.40927725e-03,\n",
       "          5.47700114e-02],\n",
       "       [  2.30510511e-02,   1.53281808e-01,   5.35784829e-03,\n",
       "          1.13053684e-01,   1.10534329e-01,   1.35126979e-02,\n",
       "          2.86771815e-01,   6.94185105e-02,   1.84845773e-01,\n",
       "          4.01724833e-02],\n",
       "       [  9.02751446e-02,   2.20174004e-01,   2.27261182e-02,\n",
       "          6.73949588e-02,   9.51389977e-02,   1.89224407e-01,\n",
       "          1.48331274e-02,   1.03997511e-01,   1.11925772e-01,\n",
       "          8.43099588e-02],\n",
       "       [  3.95222139e-02,   6.77859148e-04,   1.44748908e-01,\n",
       "          4.08910011e-02,   2.75378413e-01,   1.25821889e-01,\n",
       "          1.62295448e-01,   1.86967711e-01,   1.10692236e-02,\n",
       "          1.26273330e-02],\n",
       "       [  4.60590949e-02,   1.57079970e-01,   7.51412512e-02,\n",
       "          3.42898565e-02,   4.49396914e-02,   1.66013473e-01,\n",
       "          1.00858859e-01,   1.74592537e-01,   8.34973842e-02,\n",
       "          1.17527883e-01],\n",
       "       [  1.10677731e-01,   2.36729667e-02,   1.25755318e-01,\n",
       "          3.22261412e-02,   2.38730653e-01,   1.02431606e-01,\n",
       "          2.05006515e-02,   7.26951261e-02,   1.27351447e-02,\n",
       "          2.60574662e-01],\n",
       "       [  7.80719785e-02,   1.37368953e-01,   5.09746794e-02,\n",
       "          1.70409733e-01,   2.31303739e-02,   2.91016575e-03,\n",
       "          1.01745842e-01,   1.05069199e-02,   1.92024754e-01,\n",
       "          2.32856601e-01],\n",
       "       [  6.41259119e-02,   2.18612036e-01,   1.13069915e-01,\n",
       "          7.64504132e-02,   1.12495349e-01,   7.85081857e-02,\n",
       "          1.54650762e-01,   5.11130507e-02,   4.33677164e-02,\n",
       "          8.76066605e-02],\n",
       "       [  5.99593572e-02,   9.29083795e-02,   5.18740399e-02,\n",
       "          4.37277273e-03,   4.79933267e-04,   5.04384015e-02,\n",
       "          3.23783066e-01,   1.76376149e-01,   1.50653794e-01,\n",
       "          8.91541067e-02],\n",
       "       [  1.16380541e-01,   9.55912276e-02,   7.95735094e-02,\n",
       "          1.24827301e-01,   6.35368181e-02,   9.45299756e-02,\n",
       "          7.99802238e-02,   9.11317445e-02,   1.45462037e-01,\n",
       "          1.08986622e-01],\n",
       "       [  2.60245403e-06,   1.45017574e-01,   4.77995109e-02,\n",
       "          1.91539335e-01,   1.09866216e-02,   1.41269522e-01,\n",
       "          8.77347790e-02,   2.65214622e-02,   2.37673022e-01,\n",
       "          1.11455571e-01],\n",
       "       [  9.38632075e-02,   1.09374501e-02,   9.95393437e-02,\n",
       "          1.58205601e-01,   1.43377704e-02,   1.79811390e-01,\n",
       "          2.27939805e-01,   1.00525147e-01,   1.62263782e-03,\n",
       "          1.13217648e-01],\n",
       "       [  1.45797671e-01,   7.65077594e-02,   1.24707227e-01,\n",
       "          2.73204781e-01,   2.61921887e-02,   2.52034599e-02,\n",
       "          1.14571356e-02,   6.37828618e-02,   1.33723531e-02,\n",
       "          2.39774563e-01],\n",
       "       [  5.11148838e-02,   7.16784096e-02,   7.72631510e-03,\n",
       "          3.15170135e-03,   2.39746771e-01,   1.56642042e-01,\n",
       "          8.99232200e-02,   3.67756352e-02,   2.41457316e-01,\n",
       "          1.01783706e-01],\n",
       "       [  5.19571170e-02,   1.28526558e-01,   8.27882260e-02,\n",
       "          4.61630995e-02,   2.83581551e-02,   1.00592360e-01,\n",
       "          1.29097310e-01,   5.11079840e-02,   1.62553977e-01,\n",
       "          2.18855213e-01],\n",
       "       [  1.69264555e-01,   7.05811088e-02,   1.64007823e-01,\n",
       "          3.73233943e-02,   1.55365106e-01,   2.11424823e-01,\n",
       "          1.66571543e-02,   3.12363201e-02,   1.21162410e-01,\n",
       "          2.29773064e-02],\n",
       "       [  1.06581444e-01,   1.09969684e-01,   1.28679390e-01,\n",
       "          1.05089650e-01,   1.04307450e-01,   1.47176450e-01,\n",
       "          5.33565295e-02,   8.59930071e-02,   8.23954799e-02,\n",
       "          7.64509162e-02],\n",
       "       [  3.85380089e-01,   8.51584799e-02,   1.54331118e-01,\n",
       "          3.09558385e-02,   3.33596798e-02,   1.08808244e-01,\n",
       "          1.97562261e-02,   1.19529508e-01,   5.90150005e-02,\n",
       "          3.70581618e-03],\n",
       "       [  2.72085998e-01,   6.33165347e-03,   5.98770635e-02,\n",
       "          2.24429283e-01,   7.36285448e-02,   1.55067027e-01,\n",
       "          5.34061482e-02,   7.22101172e-02,   7.39372870e-02,\n",
       "          9.02687815e-03],\n",
       "       [  1.64708982e-02,   2.75068595e-01,   2.36277440e-01,\n",
       "          4.00412041e-02,   1.21424328e-01,   2.74016407e-02,\n",
       "          5.66437146e-02,   1.39003939e-02,   9.54888027e-02,\n",
       "          1.17282984e-01],\n",
       "       [  5.74532071e-03,   1.90820955e-01,   7.61467864e-02,\n",
       "          8.61992613e-02,   2.24043438e-02,   2.07584202e-01,\n",
       "          2.29731138e-01,   4.40078334e-02,   1.16389373e-01,\n",
       "          2.09707867e-02],\n",
       "       [  3.07548397e-04,   1.27900653e-01,   1.25994192e-01,\n",
       "          1.51506354e-03,   6.98206364e-02,   1.01980482e-01,\n",
       "          8.13788970e-02,   1.47320451e-01,   2.78711435e-01,\n",
       "          6.50706406e-02],\n",
       "       [  1.57016316e-01,   1.81533651e-01,   2.61252083e-02,\n",
       "          1.72360193e-01,   6.24974988e-02,   9.22541899e-02,\n",
       "          3.18333665e-02,   4.70770070e-02,   1.53572415e-01,\n",
       "          7.57301552e-02],\n",
       "       [  6.99382307e-02,   1.34838561e-01,   2.97744066e-03,\n",
       "          9.34755315e-02,   1.69813216e-01,   9.56587911e-03,\n",
       "          5.24931852e-02,   2.64951078e-01,   5.12719791e-02,\n",
       "          1.50674898e-01],\n",
       "       [  8.97769947e-03,   5.77885917e-02,   4.68468337e-02,\n",
       "          2.53198468e-01,   2.30867735e-01,   3.13015676e-02,\n",
       "          2.73844913e-02,   2.65557839e-01,   2.47372772e-02,\n",
       "          5.33394965e-02],\n",
       "       [  4.63666227e-02,   1.02752960e-01,   1.39392678e-01,\n",
       "          3.24260478e-02,   1.27035162e-01,   4.64777309e-02,\n",
       "          3.38128582e-02,   1.26605636e-01,   2.04064450e-01,\n",
       "          1.41065855e-01],\n",
       "       [  1.15793954e-01,   3.63429932e-02,   4.50871129e-03,\n",
       "          2.05150383e-01,   3.34093870e-01,   6.37852764e-02,\n",
       "          2.92606737e-02,   1.07027412e-01,   3.91851915e-02,\n",
       "          6.48515356e-02],\n",
       "       [  1.16792540e-01,   8.02348854e-02,   5.69996806e-03,\n",
       "          1.31460339e-01,   1.56726100e-01,   1.63018728e-01,\n",
       "          8.48523616e-02,   7.34240296e-03,   7.85910322e-02,\n",
       "          1.75281643e-01],\n",
       "       [  9.64635906e-02,   8.25213301e-02,   1.11412209e-01,\n",
       "          1.19471075e-01,   7.79492935e-02,   1.46030794e-01,\n",
       "          1.07390640e-01,   8.24339497e-02,   4.68089393e-02,\n",
       "          1.29518179e-01],\n",
       "       [  8.11416117e-02,   1.61171979e-01,   6.53891893e-02,\n",
       "          2.58088806e-02,   6.23665878e-02,   4.02285939e-02,\n",
       "          1.60953806e-01,   5.28263310e-02,   2.02350712e-01,\n",
       "          1.47762309e-01],\n",
       "       [  6.27510204e-02,   5.37220687e-02,   2.44841169e-01,\n",
       "          1.28359224e-01,   1.94948119e-01,   5.82973033e-02,\n",
       "          8.10343040e-02,   5.25839588e-02,   4.39321548e-02,\n",
       "          7.95306787e-02],\n",
       "       [  1.18529625e-01,   9.48513976e-03,   2.02013366e-02,\n",
       "          2.53105908e-01,   7.63361698e-03,   5.16550900e-02,\n",
       "          2.36530563e-01,   5.37319056e-02,   1.87593462e-01,\n",
       "          6.15333527e-02],\n",
       "       [  1.03456738e-02,   2.41295651e-01,   9.97534776e-02,\n",
       "          1.87035560e-01,   7.41386408e-02,   1.09510901e-02,\n",
       "          1.06135258e-01,   4.74958047e-02,   5.75068108e-02,\n",
       "          1.65342034e-01],\n",
       "       [  1.16348556e-01,   6.35913057e-02,   9.62704375e-02,\n",
       "          2.01096744e-01,   1.33188336e-02,   6.88606227e-02,\n",
       "          1.62335012e-01,   4.22266939e-02,   1.27893437e-02,\n",
       "          2.23162452e-01],\n",
       "       [  3.79771883e-02,   1.15623508e-01,   2.89276309e-01,\n",
       "          1.95185043e-01,   1.16180193e-03,   3.32413567e-03,\n",
       "          1.38838576e-01,   1.08788906e-01,   6.75518609e-02,\n",
       "          4.22726712e-02],\n",
       "       [  1.47720418e-01,   5.23879803e-02,   1.52243545e-01,\n",
       "          6.41252350e-02,   5.01208293e-02,   1.33986306e-01,\n",
       "          1.31117613e-01,   9.59701164e-02,   9.29725998e-02,\n",
       "          7.93553562e-02],\n",
       "       [  4.51956186e-02,   1.13619700e-01,   1.41418506e-02,\n",
       "          1.28574958e-01,   1.60176865e-01,   3.54593809e-02,\n",
       "          1.70176784e-02,   7.74562346e-02,   1.41269355e-01,\n",
       "          2.67088360e-01],\n",
       "       [  8.24923286e-02,   2.23834884e-01,   1.50261000e-02,\n",
       "          5.30962077e-02,   9.66224527e-02,   1.69284491e-01,\n",
       "          1.75902882e-01,   2.12964251e-02,   1.40914663e-01,\n",
       "          2.15295657e-02],\n",
       "       [  1.77846023e-01,   5.94100675e-03,   9.17350794e-02,\n",
       "          1.69065516e-01,   4.18538962e-02,   6.21525954e-02,\n",
       "          1.72392578e-01,   1.37608804e-01,   6.93193050e-02,\n",
       "          7.20851973e-02],\n",
       "       [  6.97490807e-03,   3.00082705e-01,   1.62234836e-01,\n",
       "          1.89091584e-02,   6.50725291e-02,   1.21485054e-01,\n",
       "          3.67602923e-02,   7.79169342e-03,   1.14713777e-01,\n",
       "          1.65975047e-01],\n",
       "       [  1.68411732e-01,   9.33141730e-02,   1.71967903e-01,\n",
       "          5.16395165e-02,   5.50101791e-02,   2.53030651e-01,\n",
       "          7.09461196e-02,   8.78437153e-02,   2.90556293e-02,\n",
       "          1.87803808e-02],\n",
       "       [  1.38693613e-01,   2.30017448e-01,   1.37848246e-01,\n",
       "          1.34471974e-02,   3.12090532e-02,   1.92015680e-01,\n",
       "          1.39663348e-01,   2.34880675e-02,   5.90819949e-02,\n",
       "          3.45353524e-02],\n",
       "       [  1.25303457e-01,   1.92116469e-01,   1.67331382e-01,\n",
       "          6.94676841e-03,   7.61395794e-02,   4.48525710e-04,\n",
       "          5.49726010e-02,   2.02805982e-01,   7.38581220e-02,\n",
       "          1.00077112e-01],\n",
       "       [  8.99823064e-02,   2.84148223e-01,   9.13608922e-03,\n",
       "          5.58732541e-02,   7.26198157e-02,   1.25555803e-01,\n",
       "          9.20127060e-02,   6.04669253e-02,   7.27364063e-02,\n",
       "          1.37468471e-01],\n",
       "       [  1.19348843e-01,   1.52129743e-01,   6.30171969e-02,\n",
       "          6.09988279e-03,   1.56563198e-01,   1.18633994e-01,\n",
       "          1.15361673e-01,   4.87596663e-02,   1.16261564e-01,\n",
       "          1.03824239e-01],\n",
       "       [  5.01613752e-02,   1.25999378e-01,   6.78911286e-02,\n",
       "          1.08537669e-02,   1.74052726e-01,   1.53582244e-01,\n",
       "          6.14838768e-02,   1.71109959e-01,   1.51801812e-02,\n",
       "          1.69685365e-01],\n",
       "       [  1.18378275e-01,   1.24111014e-02,   2.54449408e-02,\n",
       "          4.49478854e-02,   5.02348009e-02,   1.14088446e-01,\n",
       "          3.81637280e-01,   1.33217863e-01,   5.23449205e-02,\n",
       "          6.72944861e-02],\n",
       "       [  4.50149611e-02,   1.54328134e-01,   1.30886132e-02,\n",
       "          1.11348114e-01,   2.98264009e-02,   8.74247289e-02,\n",
       "          2.80563579e-01,   1.16968455e-01,   1.57538617e-01,\n",
       "          3.89839648e-03],\n",
       "       [  1.06516654e-01,   8.99647530e-02,   2.12447292e-01,\n",
       "          2.55990970e-02,   7.47744114e-02,   1.41990916e-01,\n",
       "          6.23141211e-02,   5.79588278e-02,   1.09971558e-01,\n",
       "          1.18462371e-01],\n",
       "       [  1.88530246e-01,   6.03121287e-03,   2.69312918e-02,\n",
       "          1.35847136e-01,   1.24335414e-01,   3.81051061e-02,\n",
       "          8.89163171e-02,   1.15597319e-01,   3.97913658e-02,\n",
       "          2.35914591e-01],\n",
       "       [  6.86095839e-02,   4.79245752e-02,   1.08171130e-01,\n",
       "          9.54661656e-02,   1.14874680e-01,   1.37058056e-01,\n",
       "          4.10485537e-02,   1.59617452e-01,   2.06786951e-01,\n",
       "          2.04428513e-02],\n",
       "       [  1.67395256e-01,   8.04728105e-02,   2.50017822e-02,\n",
       "          9.28479607e-02,   1.27926935e-01,   1.29628168e-01,\n",
       "          2.21186021e-02,   1.40938497e-01,   6.64586128e-02,\n",
       "          1.47211377e-01],\n",
       "       [  7.02240206e-02,   1.42158776e-01,   7.49874758e-02,\n",
       "          2.44014772e-02,   2.36839663e-01,   6.88080783e-02,\n",
       "          5.54896760e-02,   7.00066966e-03,   1.58250114e-01,\n",
       "          1.61840049e-01],\n",
       "       [  2.86591936e-02,   7.61934676e-02,   7.83064480e-02,\n",
       "          9.92272536e-02,   8.26537331e-03,   2.66743180e-01,\n",
       "          7.94357523e-02,   1.57276912e-01,   1.03422120e-01,\n",
       "          1.02470299e-01],\n",
       "       [  1.28673631e-01,   2.80972658e-01,   1.24767435e-01,\n",
       "          6.42237604e-03,   4.59587177e-02,   6.70855425e-02,\n",
       "          1.54179340e-01,   7.69892239e-02,   1.10861183e-01,\n",
       "          4.08989297e-03],\n",
       "       [  1.21907695e-01,   8.77775900e-02,   2.65036729e-02,\n",
       "          1.93941045e-01,   4.47396797e-02,   9.92542929e-02,\n",
       "          6.46582694e-02,   1.00896798e-01,   1.21458540e-01,\n",
       "          1.38862417e-01],\n",
       "       [  6.58011621e-02,   1.21264375e-01,   7.09303502e-02,\n",
       "          9.68010123e-02,   6.60439063e-02,   1.49559755e-01,\n",
       "          1.28985031e-01,   9.75577647e-02,   9.60502870e-02,\n",
       "          1.07006357e-01],\n",
       "       [  1.01067864e-01,   7.55220572e-02,   1.75875266e-01,\n",
       "          3.64225087e-03,   5.63536165e-02,   5.42939730e-03,\n",
       "          2.37271490e-01,   1.64757141e-01,   6.22876161e-02,\n",
       "          1.17793301e-01],\n",
       "       [  9.88730242e-02,   5.40854837e-02,   1.32387178e-01,\n",
       "          1.75500361e-01,   2.97410501e-02,   2.47532881e-03,\n",
       "          2.89579197e-01,   4.18140866e-02,   1.75136981e-01,\n",
       "          4.07308438e-04],\n",
       "       [  1.84330606e-01,   1.65389627e-01,   1.01599591e-01,\n",
       "          1.44417080e-01,   7.36425596e-02,   7.86673964e-02,\n",
       "          4.89676134e-02,   3.73124794e-02,   6.64919926e-02,\n",
       "          9.91810537e-02],\n",
       "       [  5.29642211e-02,   4.34060594e-02,   1.21702452e-01,\n",
       "          8.72562496e-02,   6.18198752e-02,   1.54126071e-01,\n",
       "          5.81282010e-04,   3.86134832e-03,   1.02602653e-01,\n",
       "          3.71679789e-01],\n",
       "       [  2.56308345e-02,   1.69380292e-01,   2.19928757e-01,\n",
       "          2.16060299e-01,   1.63411299e-01,   7.98844318e-02,\n",
       "          5.07078157e-02,   5.31304144e-02,   1.95880563e-02,\n",
       "          2.27779962e-03],\n",
       "       [  1.63808028e-01,   1.36765500e-01,   6.77976761e-02,\n",
       "          9.98311881e-03,   1.74760880e-01,   1.68090982e-01,\n",
       "          7.11534622e-02,   5.83436122e-02,   2.05054505e-02,\n",
       "          1.28791291e-01],\n",
       "       [  5.19372857e-02,   1.06234810e-01,   1.54738563e-01,\n",
       "          9.13028952e-02,   9.54304340e-02,   2.08357076e-01,\n",
       "          8.42566827e-02,   1.05072786e-01,   4.64179339e-02,\n",
       "          5.62515334e-02],\n",
       "       [  1.03600844e-01,   3.04693859e-02,   1.08359518e-01,\n",
       "          3.89063318e-01,   4.42940909e-02,   1.07169169e-01,\n",
       "          1.00704356e-01,   3.95141961e-02,   3.02026299e-02,\n",
       "          4.66224934e-02],\n",
       "       [  4.39217083e-02,   8.41674329e-02,   1.25941086e-01,\n",
       "          8.69255329e-02,   6.07239350e-02,   3.18660561e-02,\n",
       "          2.75021046e-02,   1.43713457e-01,   2.55152709e-01,\n",
       "          1.40085979e-01],\n",
       "       [  7.64008487e-02,   8.07168634e-02,   1.19163327e-01,\n",
       "          1.38229874e-01,   6.57034375e-02,   1.85282249e-01,\n",
       "          5.94712079e-02,   1.96651322e-01,   3.56829101e-02,\n",
       "          4.26979605e-02],\n",
       "       [  6.07492886e-02,   1.81601711e-01,   5.89001109e-03,\n",
       "          2.15425732e-01,   7.88580935e-02,   9.69580532e-02,\n",
       "          7.13171399e-03,   8.28569071e-02,   4.51686012e-02,\n",
       "          2.25359889e-01],\n",
       "       [  7.70918061e-02,   5.74754130e-02,   6.89419790e-02,\n",
       "          9.32094681e-02,   6.86844155e-02,   2.62621434e-01,\n",
       "          6.16789587e-02,   2.04918995e-01,   4.88354761e-02,\n",
       "          5.65420542e-02],\n",
       "       [  8.91188467e-02,   4.48432329e-02,   1.29807437e-01,\n",
       "          1.21474490e-01,   1.68402467e-01,   7.75665909e-02,\n",
       "          1.79280905e-02,   7.31911655e-03,   1.98472383e-01,\n",
       "          1.45067346e-01],\n",
       "       [  2.76447261e-02,   5.08996829e-02,   1.19910589e-02,\n",
       "          1.96177635e-01,   2.41237122e-02,   1.91665634e-02,\n",
       "          3.65070989e-01,   1.33967671e-01,   2.67891007e-02,\n",
       "          1.44168860e-01],\n",
       "       [  2.20981852e-01,   6.44538321e-02,   1.27969074e-01,\n",
       "          4.92066230e-02,   2.82439828e-02,   1.60185572e-02,\n",
       "          1.52825633e-01,   2.66317601e-01,   5.18675978e-02,\n",
       "          2.21152478e-02],\n",
       "       [  1.67925012e-02,   1.08806555e-03,   2.81114670e-02,\n",
       "          1.12582260e-01,   1.31017867e-01,   1.05935245e-01,\n",
       "          1.70048771e-01,   2.00195366e-01,   1.37400657e-01,\n",
       "          9.68277997e-02],\n",
       "       [  1.78729008e-01,   1.45696513e-02,   1.90652506e-01,\n",
       "          1.17548033e-01,   4.19475228e-02,   5.86103043e-02,\n",
       "          2.05328132e-01,   1.71473830e-02,   7.69555808e-02,\n",
       "          9.85118782e-02],\n",
       "       [  7.31488663e-02,   7.20431070e-02,   1.19360392e-01,\n",
       "          1.69753513e-02,   1.60940871e-01,   2.48550200e-02,\n",
       "          3.22061747e-02,   1.92920370e-01,   5.86197224e-02,\n",
       "          2.48930126e-01],\n",
       "       [  9.49440649e-02,   2.05158307e-01,   5.01882857e-02,\n",
       "          8.22933202e-02,   2.32214469e-01,   1.54209908e-01,\n",
       "          1.02422941e-01,   1.39462653e-02,   4.81002188e-02,\n",
       "          1.65222201e-02],\n",
       "       [  1.60867619e-01,   6.83577562e-02,   1.14105345e-01,\n",
       "          9.40503304e-02,   1.12764761e-01,   9.92522090e-02,\n",
       "          8.54526135e-02,   9.70964604e-02,   9.96408029e-02,\n",
       "          6.84121035e-02],\n",
       "       [  5.31450233e-02,   1.58230460e-03,   1.62855132e-01,\n",
       "          1.08181909e-01,   8.22049887e-02,   1.21637674e-01,\n",
       "          2.24273859e-01,   5.15764631e-02,   1.11209648e-01,\n",
       "          8.33329989e-02],\n",
       "       [  1.14084421e-01,   1.25456137e-01,   4.77286862e-02,\n",
       "          8.40873415e-02,   2.33515641e-02,   3.38248182e-01,\n",
       "          3.03757028e-02,   8.54668623e-02,   4.53146480e-02,\n",
       "          1.05886455e-01],\n",
       "       [  9.57061081e-02,   5.77918436e-02,   1.00668009e-01,\n",
       "          1.08087529e-01,   6.44345957e-02,   1.41113221e-01,\n",
       "          1.31982263e-01,   1.24412890e-01,   1.13329101e-01,\n",
       "          6.24744386e-02],\n",
       "       [  8.48810263e-02,   2.29573618e-02,   1.46363558e-01,\n",
       "          8.30458668e-02,   1.42392784e-02,   5.44708646e-02,\n",
       "          3.58586494e-02,   3.28338369e-01,   1.57907249e-01,\n",
       "          7.19377759e-02],\n",
       "       [  5.86450103e-03,   1.05024761e-01,   2.22228643e-01,\n",
       "          6.70558483e-02,   1.80536212e-01,   8.26390426e-02,\n",
       "          5.90892427e-02,   1.77254204e-02,   2.39762620e-01,\n",
       "          2.00737084e-02],\n",
       "       [  1.36386679e-01,   5.23873480e-02,   1.81498243e-01,\n",
       "          4.38336661e-02,   1.20799950e-01,   1.12147863e-01,\n",
       "          3.23881180e-03,   7.48741262e-02,   1.56556905e-01,\n",
       "          1.18276409e-01],\n",
       "       [  2.39096888e-01,   7.53954872e-02,   1.38193930e-02,\n",
       "          5.33543936e-02,   9.90768233e-02,   1.01782204e-01,\n",
       "          1.81244851e-02,   2.50299625e-01,   8.11555780e-02,\n",
       "          6.78951225e-02],\n",
       "       [  1.62477957e-01,   2.74475302e-02,   7.77013562e-02,\n",
       "          5.68891061e-02,   1.36623016e-01,   2.36709534e-01,\n",
       "          1.35132040e-01,   3.23184155e-02,   1.21539107e-01,\n",
       "          1.31619376e-02],\n",
       "       [  3.65520188e-02,   1.19591258e-01,   1.05331725e-01,\n",
       "          3.80257393e-02,   3.42777860e-02,   2.24842811e-02,\n",
       "          1.91889038e-01,   1.03050156e-01,   7.97392482e-02,\n",
       "          2.69058750e-01],\n",
       "       [  1.25042166e-01,   1.83758958e-04,   2.77795404e-02,\n",
       "          1.93052283e-01,   4.66849158e-02,   2.19650364e-01,\n",
       "          6.35625085e-02,   7.21267271e-02,   2.35993321e-01,\n",
       "          1.59244151e-02],\n",
       "       [  5.58656915e-02,   1.03246262e-01,   2.12542108e-01,\n",
       "          3.50258977e-02,   9.39712480e-02,   1.41620283e-02,\n",
       "          8.96870032e-02,   4.51085719e-02,   2.24357520e-01,\n",
       "          1.26033670e-01],\n",
       "       [  7.27220014e-02,   4.12505954e-01,   4.28977352e-02,\n",
       "          1.78608057e-02,   1.17930930e-01,   9.12897226e-02,\n",
       "          3.55862992e-02,   1.06601568e-01,   5.60707531e-02,\n",
       "          4.65342306e-02],\n",
       "       [  1.92553086e-01,   2.04343649e-02,   1.62207892e-02,\n",
       "          1.43071373e-01,   3.93600158e-02,   1.58689519e-01,\n",
       "          2.58057469e-01,   6.56513965e-02,   6.45226171e-02,\n",
       "          4.14393694e-02],\n",
       "       [  1.70680587e-01,   2.22059742e-01,   3.70302316e-02,\n",
       "          2.84185037e-02,   1.44668781e-01,   5.30343885e-02,\n",
       "          1.28374705e-01,   6.38143358e-02,   6.91361219e-02,\n",
       "          8.27826034e-02],\n",
       "       [  9.88339001e-02,   7.47421879e-02,   1.01321145e-01,\n",
       "          6.12349483e-02,   8.16920764e-02,   2.08424266e-01,\n",
       "          9.99037910e-03,   1.02485499e-01,   1.42884275e-01,\n",
       "          1.18391324e-01],\n",
       "       [  1.73061402e-01,   3.84943721e-02,   2.75928078e-01,\n",
       "          1.61679807e-01,   3.00310957e-02,   1.03045429e-01,\n",
